INDEX | OPCODE | OP1 | OP2 | OP3 
-------------------------------------------
0       6        3     0     0    
1       5        1     0     4    
2       5        6     0     5    
3       5        1     0     7    
4       3        7     5     9    
5       11       9     0     0    
6       8        0     0     4    
7       2        4     7     9    
8       5        9     0     4    
9       4        7     1     10   
10      5        10    0     7    
11      6        11    0     0    
12      6        4     0     0    
13      6        12    0     0    
14      3        7     1     14   
15      14       14    0     0    
16      8        0     0     14   
17      6        7     0     0    
18      3        7     14    15   
19      3        15    14    17   
20      14       17    0     0    
21      6        17    0     0    
22      8        0     0     0    
23      6        18    0     0    
24      3        7     1     19   
25      5        19    0     7    
26      6        12    0     0    
27      6        20    0     0    
28      0        0     0     0    
