INDEX | OPCODE | OP1 | OP2 | OP3 
-------------------------------------------
0       6        3     0     0    
1       6        4     0     0    
2       5        6     0     5    
3       5        8     0     7    
4       31       13    0     8    
5       31       15    0     14   
6       31       6     0     16   
7       31       1     0     20   
8       5        22    0     5    
9       6        22    0     0    
10      6        24    0     0    
11      6        24    0     0    
12      0        0     0     0    
